Result=7.000000
Result=6.000000
